    Simulation/Global Episode Count  Performance/Reward  Performance/Mean State-Action Value  Simulation/Calculation Time  Environment/Step Length  Environment/Arm0 Probability  Environment/Arm1 Probability
1                               0.0                41.0                             0.590897                     0.614247                    100.0                      0.839467                      0.160533
2                               1.0                58.0                             0.651712                     0.174009                    100.0                      0.579515                      0.420485
3                               2.0                55.0                             0.691827                     0.176832                    100.0                      0.190960                      0.809040
4                               3.0                47.0                             0.710539                     0.178436                    100.0                      0.578675                      0.421325
5                               4.0                52.0                             0.750909                     0.171622                    100.0                      0.762721                      0.237279
6                               5.0                47.0                             0.784752                     0.178505                    100.0                      0.922475                      0.077525
7                               6.0                42.0                             0.812594                     0.179522                    100.0                      0.388196                      0.611804
8                               7.0                49.0                             0.832455                     0.192005                    100.0                      0.316798                      0.683202
9                               8.0                56.0                             0.857416                     0.186288                    100.0                      0.011989                      0.988011
10                              9.0                53.0                             0.884987                     0.182082                    100.0                      0.896677                      0.103323
11                             10.0                46.0                             0.902737                     0.194301                    100.0                      0.608771                      0.391229
12                             11.0                48.0                             0.932900                     0.191676                    100.0                      0.973999                      0.026001
13                             12.0                49.0                             0.969508                     0.176683                    100.0                      0.141319                      0.858681
14                             13.0                54.0                             1.014900                     0.197969                    100.0                      0.558954                      0.441046
15                             14.0                59.0                             1.054194                     0.182752                    100.0                      0.059600                      0.940400
16                             15.0                52.0                             1.072807                     0.181752                    100.0                      0.747361                      0.252639
17                             16.0                60.0                             1.110578                     0.197215                    100.0                      0.400433                      0.599567
18                             17.0                50.0                             1.136131                     0.214319                    100.0                      0.480593                      0.519407
19                             18.0                54.0                             1.183688                     0.205026                    100.0                      0.617005                      0.382995
20                             19.0                57.0                             1.227566                     0.197300                    100.0                      0.065021                      0.934979



    Loss/Total Loss  Loss/Value Loss  Loss/Policy Loss  Loss/Policy Entropy  Loss/Gradient L2Norm  Loss/Variable L2Norm
1          2.512490         5.790828          2.257606             0.693147             73.188431              9.068181
2          3.692478        11.699224          3.142174             0.693136            101.399551              9.068443
3          3.445920        10.109722          2.975081             0.692942            246.416794              9.068757
4          2.818041         7.220352          2.491628             0.692104             99.869400              9.068902
5          3.119606         9.022753          2.703038             0.691391            113.058937              9.069203
6          2.824183         7.087701          2.504403             0.692105            154.139877              9.069448
7          2.287775         5.053081          2.069757             0.692729            123.277672              9.069629
8          2.850375         7.360954          2.516979             0.693049            179.283432              9.069841
9          3.302484         9.743106          2.849965             0.692725            223.654556              9.070054
10         3.204097         9.609011          2.758255             0.692161            190.176178              9.070305
11         2.560525         6.304317          2.279942             0.692651            157.940063              9.070544
12         2.588601         6.504423          2.297991             0.692225            127.436874              9.070778
13         2.693130         6.848508          2.385335             0.692610             99.217010              9.071077
14         2.937769         8.043213          2.570230             0.692421            111.035767              9.071589
15         3.455068        10.461604          2.966610             0.692435            299.002289              9.072066
16         2.743136         7.028006          2.426327             0.691828            125.054771              9.072288
17         3.410757        10.421849          2.924232             0.691339            266.642731              9.072753
18         2.784345         7.150600          2.461336             0.690420            121.543083              9.073065
19         2.931121         8.063608          2.562445             0.690096            118.362068              9.073555
20         3.194020         9.263656          2.765333             0.689917            182.808746              9.074110